4.017026268069018080e+00 9.509861994134160668e+00 3.167799816309035776e+01
6.262216299316713197e+00 8.746000861460900833e-01 2.172412887117689806e+01
2.624264334894662376e+00 5.808911800214758614e+00 2.115250104899354255e+01
1.305600884050405197e+00 5.175651769036532457e+00 1.449953588239872104e+01
6.588397945967303215e+00 2.498927524807765810e+00 2.613185566282564309e+01
4.405263848147766836e-02 8.228354159649436284e+00 1.771749042462061752e+01
2.104250434366967681e+00 7.156973166178142165e+00 2.131690646700517178e+01
1.246253108146432309e+00 9.689005326184691569e+00 2.384007244563280636e+01
1.052269762043033241e+00 4.792143695974742101e+00 1.427072907131839941e+01
1.977302397742008999e-01 3.271257745426119357e+00 8.648354435555091868e+00
