7.435380000000000322e-01
7.496699999999999475e-01
7.549420000000000019e-01
7.582929999999999948e-01
7.606910000000000061e-01
7.638099999999999890e-01
7.670289999999999608e-01
7.689610000000000056e-01
7.706260000000000332e-01
7.725170000000000092e-01
7.739930000000000421e-01
7.764809999999999768e-01
7.779960000000000209e-01
7.796119999999999717e-01
7.815220000000000500e-01
7.828559999999999963e-01
7.847150000000000514e-01
7.859249999999999847e-01
7.871599999999999708e-01
7.886429999999999829e-01
7.895889999999999853e-01
7.907870000000000177e-01
7.920019999999999838e-01
7.928450000000000220e-01
7.937239999999999851e-01
7.944790000000000463e-01
7.952099999999999724e-01
7.958680000000000199e-01
7.965700000000000003e-01
7.973670000000000480e-01
7.979829999999999979e-01
7.986609999999999543e-01
7.991540000000000310e-01
7.996370000000000422e-01
8.001749999999999696e-01
8.005959999999999743e-01
8.010410000000000030e-01
8.017570000000000530e-01
8.022979999999999556e-01
8.026189999999999714e-01
8.028990000000000293e-01
8.032949999999999813e-01
8.035649999999999737e-01
8.041850000000000387e-01
8.046149999999999691e-01
8.049309999999999521e-01
8.052599999999999758e-01
8.055069999999999730e-01
8.057630000000000070e-01
8.061009999999999565e-01
8.063230000000000119e-01
8.066370000000000484e-01
8.069709999999999939e-01
8.072869999999999768e-01
8.075569999999999693e-01
8.078149999999999498e-01
8.081110000000000237e-01
8.083179999999999810e-01
8.085149999999999837e-01
8.087779999999999969e-01
8.090650000000000341e-01
8.092249999999999721e-01
8.095780000000000198e-01
8.098429999999999795e-01
8.100140000000000118e-01
8.102730000000000210e-01
8.104390000000000205e-01
8.106689999999999729e-01
8.108170000000000099e-01
8.110920000000000352e-01
8.112390000000000434e-01
8.113960000000000061e-01
8.115280000000000271e-01
8.116780000000000106e-01
8.118610000000000548e-01
8.120770000000000488e-01
8.122779999999999445e-01
8.125179999999999625e-01
8.127919999999999590e-01
8.130060000000000064e-01
8.131990000000000052e-01
8.134299999999999864e-01
8.135090000000000376e-01
8.136849999999999916e-01
8.138879999999999448e-01
8.139530000000000376e-01
8.141519999999999868e-01
8.143420000000000103e-01
8.145189999999999930e-01
8.146259999999999613e-01
8.148210000000000175e-01
8.148959999999999537e-01
8.150819999999999732e-01
8.152129999999999654e-01
8.153019999999999712e-01
8.154339999999999922e-01
8.156759999999999566e-01
8.158619999999999761e-01
8.159830000000000139e-01
8.161629999999999718e-01
8.162230000000000318e-01
8.164510000000000378e-01
8.165609999999999813e-01
8.166879999999999695e-01
8.169710000000000027e-01
8.171749999999999847e-01
8.173329999999999762e-01
8.173880000000000035e-01
8.175630000000000397e-01
8.177090000000000192e-01
8.178640000000000354e-01
8.180359999999999854e-01
8.181720000000000104e-01
8.182679999999999954e-01
8.183979999999999588e-01
8.185529999999999751e-01
8.186660000000000048e-01
8.188050000000000050e-01
8.188389999999999835e-01
8.189530000000000420e-01
8.190629999999999855e-01
8.192129999999999690e-01
8.193009999999999460e-01
8.193589999999999485e-01
8.195519999999999472e-01
8.196909999999999474e-01
8.198499999999999677e-01
8.199260000000000437e-01
8.200410000000000199e-01
8.201340000000000297e-01
8.201810000000000489e-01
8.203249999999999709e-01
8.204550000000000454e-01
8.205339999999999856e-01
8.206510000000000193e-01
8.207640000000000491e-01
8.208370000000000388e-01
8.209410000000000318e-01
8.209710000000000063e-01
8.211310000000000553e-01
8.211650000000000338e-01
8.212829999999999853e-01
8.215310000000000112e-01
8.216449999999999587e-01
8.217889999999999917e-01
8.219880000000000519e-01
8.221230000000000482e-01
8.222399999999999709e-01
8.223810000000000286e-01
8.224559999999999649e-01
8.225710000000000521e-01
8.226869999999999461e-01
8.227609999999999646e-01
8.227839999999999598e-01
8.229450000000000376e-01
8.231559999999999988e-01
8.232669999999999710e-01
8.233549999999999480e-01
8.234190000000000120e-01
8.235700000000000243e-01
8.236890000000000045e-01
8.237790000000000390e-01
8.238790000000000280e-01
8.239910000000000290e-01
8.240899999999999892e-01
8.242450000000000054e-01
8.243230000000000279e-01
8.243470000000000519e-01
8.245400000000000507e-01
8.246700000000000141e-01
8.247569999999999624e-01
8.248609999999999554e-01
8.248889999999999834e-01
8.249389999999999779e-01
8.250410000000000244e-01
8.251610000000000333e-01
8.252739999999999521e-01
8.253650000000000153e-01
8.254550000000000498e-01
8.255419999999999980e-01
8.256769999999999943e-01
8.257689999999999753e-01
8.258760000000000545e-01
8.259999999999999565e-01
8.260880000000000445e-01
8.261290000000000022e-01
8.261939999999999840e-01
8.262990000000000057e-01
8.264129999999999532e-01
8.265369999999999662e-01
8.266320000000000334e-01
8.267579999999999929e-01
8.268729999999999691e-01
8.269689999999999541e-01
8.270819999999999839e-01
8.271239999999999704e-01
8.271720000000000184e-01
8.272399999999999753e-01
8.273289999999999811e-01
8.274070000000000036e-01
8.274860000000000548e-01
8.276010000000000311e-01
8.276689999999999880e-01
8.277560000000000473e-01
8.278919999999999613e-01
8.279560000000000253e-01
8.280980000000000008e-01
8.281340000000000368e-01
8.281809999999999450e-01
8.282540000000000457e-01
8.283260000000000067e-01
8.284599999999999742e-01
8.285099999999999687e-01
8.285460000000000047e-01
8.285989999999999744e-01
8.287710000000000354e-01
8.288959999999999662e-01
8.289819999999999967e-01
8.290840000000000432e-01
8.291269999999999474e-01
8.293070000000000164e-01
8.294300000000000006e-01
8.295000000000000151e-01
8.295799999999999841e-01
8.296869999999999523e-01
8.298489999999999478e-01
8.299299999999999455e-01
8.299999999999999600e-01
8.300710000000000033e-01
8.301230000000000553e-01
8.302030000000000243e-01
8.303490000000000038e-01
8.304219999999999935e-01
8.304859999999999465e-01
8.305810000000000137e-01
8.306750000000000522e-01
8.307290000000000507e-01
8.308060000000000445e-01
8.308400000000000230e-01
8.309100000000000374e-01
8.309659999999999824e-01
8.310760000000000369e-01
8.311290000000000067e-01
8.311910000000000132e-01
8.312460000000000404e-01
8.312709999999999821e-01
8.313270000000000381e-01
8.313760000000000039e-01
8.313920000000000199e-01
8.314709999999999601e-01
8.316040000000000099e-01
8.316930000000000156e-01
8.317210000000000436e-01
8.317560000000000509e-01
8.318179999999999463e-01
8.318579999999999863e-01
8.319339999999999513e-01
8.319619999999999793e-01
8.320720000000000338e-01
8.321439999999999948e-01
8.322140000000000093e-01
8.322939999999999783e-01
8.323329999999999895e-01
8.323859999999999593e-01
8.324759999999999938e-01
8.325420000000000043e-01
8.325860000000000483e-01
8.326500000000000012e-01
8.327020000000000532e-01
8.327470000000000150e-01
8.327980000000000382e-01
8.328579999999999872e-01
8.328910000000000480e-01
8.329250000000000265e-01
8.329670000000000130e-01
8.330039999999999667e-01
8.330400000000000027e-01
8.330880000000000507e-01
8.331539999999999502e-01
8.332300000000000262e-01
8.332939999999999792e-01
8.333270000000000399e-01
8.333859999999999602e-01
8.334559999999999746e-01
8.335479999999999556e-01
8.336010000000000364e-01
8.336729999999999974e-01
8.337560000000000526e-01
8.338269999999999849e-01
8.338870000000000449e-01
8.339339999999999531e-01
8.339860000000000051e-01
8.340450000000000363e-01
8.340699999999999781e-01
8.340899999999999981e-01
8.341739999999999711e-01
8.342889999999999473e-01
8.343460000000000321e-01
8.343949999999999978e-01
8.344589999999999508e-01
8.345609999999999973e-01
8.346219999999999750e-01
8.346759999999999735e-01
8.347029999999999728e-01
8.347930000000000073e-01
8.348510000000000097e-01
8.349180000000000490e-01
8.349750000000000227e-01
8.350260000000000460e-01
8.350870000000000237e-01
8.351589999999999847e-01
8.351979999999999960e-01
8.352410000000000112e-01
8.352779999999999649e-01
8.353859999999999619e-01
8.354390000000000427e-01
8.355099999999999749e-01
8.355569999999999942e-01
8.355839999999999934e-01
8.356689999999999952e-01
8.357560000000000544e-01
8.358299999999999619e-01
8.359170000000000211e-01
8.359490000000000531e-01
8.359849999999999781e-01
8.360389999999999766e-01
8.360859999999999959e-01
8.361110000000000486e-01
8.361819999999999808e-01
8.362439999999999873e-01
8.362690000000000401e-01
8.363089999999999691e-01
8.364019999999999788e-01
8.364390000000000436e-01
8.364949999999999886e-01
8.365310000000000246e-01
8.366120000000000223e-01
8.366999999999999993e-01
8.367440000000000433e-01
8.367729999999999890e-01
8.368280000000000163e-01
8.368839999999999613e-01
8.369499999999999718e-01
8.370009999999999950e-01
8.370339999999999447e-01
8.370589999999999975e-01
8.371089999999999920e-01
8.371570000000000400e-01
8.372330000000000050e-01
8.372619999999999507e-01
8.372760000000000202e-01
8.372990000000000155e-01
8.373380000000000267e-01
8.374000000000000332e-01
8.374439999999999662e-01
8.374819999999999487e-01
8.375200000000000422e-01
8.375989999999999824e-01
8.376409999999999689e-01
8.377010000000000289e-01
8.377510000000000234e-01
8.378339999999999677e-01
8.379069999999999574e-01
8.380319999999999991e-01
8.380750000000000144e-01
8.381499999999999506e-01
8.382049999999999779e-01
8.382920000000000371e-01
8.383509999999999573e-01
8.383939999999999726e-01
8.384249999999999758e-01
8.384810000000000318e-01
8.385169999999999568e-01
8.385529999999999928e-01
8.386139999999999706e-01
8.387400000000000411e-01
8.387919999999999821e-01
8.388619999999999965e-01
8.389090000000000158e-01
8.389560000000000350e-01
8.390009999999999968e-01
8.390400000000000080e-01
8.391300000000000425e-01
8.391849999999999588e-01
8.392859999999999765e-01
8.393610000000000237e-01
8.394260000000000055e-01
8.394810000000000327e-01
8.395540000000000225e-01
8.395920000000000050e-01
8.396219999999999795e-01
8.396649999999999947e-01
8.397360000000000380e-01
8.397790000000000532e-01
8.398499999999999854e-01
8.399149999999999672e-01
8.399600000000000399e-01
8.400210000000000177e-01
8.400809999999999667e-01
8.400990000000000402e-01
8.401530000000000387e-01
8.402150000000000452e-01
8.402939999999999854e-01
8.403639999999999999e-01
8.404460000000000264e-01
8.404989999999999961e-01
8.405569999999999986e-01
8.406000000000000139e-01
8.406219999999999803e-01
8.406519999999999548e-01
8.407780000000000253e-01
8.408459999999999823e-01
8.409159999999999968e-01
8.409720000000000528e-01
8.410419999999999563e-01
8.410940000000000083e-01
8.411750000000000060e-01
8.412150000000000460e-01
8.412479999999999958e-01
8.412770000000000525e-01
8.413230000000000430e-01
8.413479999999999848e-01
8.413720000000000088e-01
8.414000000000000368e-01
8.414399999999999658e-01
8.414760000000000018e-01
8.415099999999999802e-01
8.415310000000000290e-01
8.415839999999999987e-01
8.416240000000000387e-01
8.416759999999999797e-01
8.417189999999999950e-01
8.417620000000000102e-01
8.418080000000000007e-01
8.418539999999999912e-01
8.418919999999999737e-01
8.419400000000000217e-01
8.419600000000000417e-01
8.420250000000000234e-01
8.420800000000000507e-01
8.421130000000000004e-01
8.421520000000000117e-01
8.421980000000000022e-01
8.422709999999999919e-01
8.423110000000000319e-01
8.423540000000000472e-01
8.423840000000000217e-01
8.424129999999999674e-01
8.424540000000000362e-01
8.424939999999999651e-01
8.425310000000000299e-01
8.425909999999999789e-01
8.426479999999999526e-01
8.427229999999999999e-01
8.428210000000000424e-01
8.428750000000000409e-01
8.429410000000000514e-01
8.429969999999999963e-01
8.430410000000000403e-01
8.430800000000000516e-01
8.431199999999999806e-01
8.431830000000000158e-01
8.432389999999999608e-01
8.432749999999999968e-01
8.433190000000000408e-01
8.433540000000000481e-01
8.433840000000000225e-01
8.434260000000000090e-01
8.434739999999999460e-01
8.435009999999999453e-01
8.435219999999999940e-01
8.435479999999999645e-01
8.435890000000000333e-01
8.436200000000000365e-01
8.436529999999999863e-01
8.437059999999999560e-01
8.437470000000000248e-01
8.437799999999999745e-01
8.438290000000000513e-01
8.438679999999999515e-01
8.439210000000000322e-01
8.439550000000000107e-01
8.439729999999999732e-01
8.440389999999999837e-01
8.440940000000000110e-01
8.441330000000000222e-01
8.442129999999999912e-01
8.442830000000000057e-01
8.443399999999999794e-01
8.443979999999999819e-01
8.444629999999999637e-01
8.445289999999999742e-01
8.445859999999999479e-01
8.446379999999999999e-01
8.446810000000000151e-01
8.447139999999999649e-01
8.447409999999999641e-01
8.447959999999999914e-01
8.448400000000000354e-01
8.449210000000000331e-01
