7.430130000000000345e-01
7.506819999999999604e-01
7.539749999999999508e-01
7.569690000000000030e-01
7.597310000000000452e-01
7.629139999999999810e-01
7.648289999999999811e-01
7.677890000000000548e-01
7.693929999999999936e-01
7.714400000000000146e-01
7.728190000000000337e-01
7.752580000000000027e-01
7.769650000000000167e-01
7.785149999999999570e-01
7.804609999999999603e-01
7.819749999999999757e-01
7.833579999999999988e-01
7.850780000000000536e-01
7.862259999999999804e-01
7.875640000000000418e-01
7.887359999999999927e-01
7.896609999999999463e-01
7.905450000000000532e-01
7.915600000000000414e-01
7.923379999999999868e-01
7.931669999999999554e-01
7.938509999999999733e-01
7.945680000000000520e-01
7.953080000000000149e-01
7.958420000000000494e-01
7.962219999999999853e-01
7.969260000000000232e-01
7.975970000000000004e-01
7.980850000000000444e-01
7.986199999999999966e-01
7.991650000000000142e-01
7.995489999999999542e-01
7.999960000000000404e-01
8.003789999999999516e-01
8.007370000000000321e-01
8.010979999999999768e-01
8.015360000000000262e-01
8.019169999999999909e-01
8.023139999999999716e-01
8.026680000000000481e-01
8.029530000000000278e-01
8.032350000000000323e-01
8.035090000000000288e-01
8.038450000000000317e-01
8.041899999999999604e-01
8.044799999999999729e-01
8.048980000000000024e-01
8.051279999999999548e-01
8.053160000000000318e-01
8.055060000000000553e-01
8.058089999999999975e-01
8.059420000000000472e-01
8.062359999999999527e-01
8.064670000000000449e-01
8.066929999999999934e-01
8.068950000000000289e-01
8.071040000000000436e-01
8.072500000000000231e-01
8.074350000000000138e-01
8.078239999999999865e-01
8.079840000000000355e-01
8.081679999999999975e-01
8.082890000000000352e-01
8.084559999999999524e-01
8.087560000000000304e-01
8.088940000000000019e-01
8.093050000000000521e-01
8.096139999999999448e-01
8.097539999999999738e-01
8.098779999999999868e-01
8.100119999999999543e-01
8.102230000000000265e-01
8.103759999999999852e-01
8.105989999999999585e-01
8.109760000000000302e-01
8.111110000000000264e-01
8.112770000000000259e-01
8.114860000000000406e-01
8.115510000000000224e-01
8.116999999999999771e-01
8.118640000000000301e-01
8.120779999999999665e-01
8.122209999999999708e-01
8.123289999999999678e-01
8.126419999999999755e-01
8.127069999999999572e-01
8.127799999999999470e-01
8.128940000000000055e-01
8.130610000000000337e-01
8.131639999999999979e-01
8.132509999999999462e-01
8.133550000000000502e-01
8.134620000000000184e-01
8.135289999999999466e-01
8.136630000000000251e-01
8.138140000000000374e-01
8.139819999999999833e-01
8.141279999999999628e-01
8.142310000000000381e-01
8.143620000000000303e-01
8.144759999999999778e-01
8.146640000000000548e-01
8.147259999999999502e-01
8.148079999999999767e-01
8.149520000000000097e-01
8.150690000000000435e-01
8.151840000000000197e-01
8.153139999999999832e-01
8.153899999999999482e-01
8.155010000000000314e-01
8.156480000000000397e-01
8.156879999999999686e-01
8.158069999999999489e-01
8.158849999999999714e-01
8.160020000000000051e-01
8.161720000000000086e-01
8.162509999999999488e-01
8.163329999999999753e-01
8.163589999999999458e-01
8.164709999999999468e-01
8.165609999999999813e-01
8.166600000000000525e-01
8.168109999999999538e-01
8.169220000000000370e-01
8.170049999999999812e-01
8.171929999999999472e-01
8.173200000000000465e-01
8.173669999999999547e-01
8.174029999999999907e-01
8.174510000000000387e-01
8.175459999999999949e-01
8.176120000000000054e-01
8.177130000000000232e-01
8.178020000000000289e-01
8.179079999999999684e-01
8.180849999999999511e-01
8.181190000000000406e-01
8.182110000000000216e-01
8.183000000000000274e-01
8.183150000000000146e-01
8.183780000000000499e-01
8.184679999999999733e-01
8.185320000000000373e-01
8.185580000000000078e-01
8.186679999999999513e-01
8.187799999999999523e-01
8.188769999999999660e-01
8.189480000000000093e-01
8.189689999999999470e-01
8.190279999999999783e-01
8.191209999999999880e-01
8.192059999999999897e-01
8.192420000000000258e-01
8.192880000000000162e-01
8.194110000000000005e-01
8.195090000000000430e-01
8.195390000000000175e-01
8.196390000000000065e-01
8.197029999999999594e-01
8.197780000000000067e-01
8.198450000000000459e-01
8.198670000000000124e-01
8.199149999999999494e-01
8.199880000000000502e-01
8.200859999999999816e-01
8.202009999999999579e-01
8.202450000000000019e-01
8.203300000000000036e-01
8.204099999999999726e-01
8.204470000000000374e-01
8.205120000000000191e-01
8.205890000000000128e-01
8.206449999999999578e-01
8.206759999999999611e-01
8.207299999999999596e-01
8.207790000000000363e-01
8.207959999999999701e-01
8.209330000000000238e-01
8.210220000000000296e-01
8.210699999999999665e-01
8.211559999999999970e-01
8.212289999999999868e-01
8.213059999999999805e-01
8.213679999999999870e-01
8.214650000000000007e-01
8.215519999999999490e-01
8.215980000000000505e-01
8.217320000000000180e-01
8.218039999999999790e-01
8.218339999999999534e-01
8.218680000000000430e-01
8.219330000000000247e-01
8.220140000000000224e-01
8.220420000000000504e-01
8.221300000000000274e-01
