4.912199999999999900e-01
4.838129999999999931e-01
4.776179999999999870e-01
4.722009999999999819e-01
4.676870000000000194e-01
4.637049999999999783e-01
4.602289999999999992e-01
4.573400000000000243e-01
4.548840000000000106e-01
4.524259999999999948e-01
4.503940000000000166e-01
4.486850000000000005e-01
4.468059999999999810e-01
4.451649999999999774e-01
4.438480000000000203e-01
4.424049999999999927e-01
4.411059999999999981e-01
4.398969999999999825e-01
4.389600000000000168e-01
4.378900000000000015e-01
4.370339999999999780e-01
4.361740000000000061e-01
4.353940000000000032e-01
4.347840000000000038e-01
4.341169999999999751e-01
4.335049999999999737e-01
4.330109999999999792e-01
4.325149999999999828e-01
4.320379999999999776e-01
4.315749999999999864e-01
4.311260000000000092e-01
4.307679999999999843e-01
4.303980000000000028e-01
4.299870000000000081e-01
4.296909999999999896e-01
4.292779999999999929e-01
4.289789999999999992e-01
4.286179999999999990e-01
4.283839999999999870e-01
4.280849999999999933e-01
4.278810000000000113e-01
4.275669999999999749e-01
4.273210000000000064e-01
4.271460000000000257e-01
4.269499999999999962e-01
4.267560000000000242e-01
4.265639999999999987e-01
4.263509999999999800e-01
4.261360000000000148e-01
4.260169999999999790e-01
4.258489999999999776e-01
4.256710000000000216e-01
4.255439999999999778e-01
4.253959999999999964e-01
4.252219999999999889e-01
4.251150000000000206e-01
4.249910000000000077e-01
4.248520000000000074e-01
4.247009999999999952e-01
4.245659999999999989e-01
4.244470000000000187e-01
4.243009999999999837e-01
4.242259999999999920e-01
4.239399999999999835e-01
4.237989999999999813e-01
4.236929999999999863e-01
4.235630000000000228e-01
4.234530000000000238e-01
4.233199999999999741e-01
4.231980000000000186e-01
4.231050000000000089e-01
4.229959999999999831e-01
4.228999999999999981e-01
4.228000000000000091e-01
4.227299999999999947e-01
4.226349999999999829e-01
4.225590000000000179e-01
4.225180000000000047e-01
4.224620000000000042e-01
4.223750000000000004e-01
4.222659999999999747e-01
4.221829999999999750e-01
4.221010000000000040e-01
4.219829999999999970e-01
4.219459999999999877e-01
4.218489999999999740e-01
4.217799999999999883e-01
4.217190000000000105e-01
4.216179999999999928e-01
4.215419999999999723e-01
4.214729999999999865e-01
4.213950000000000196e-01
4.213120000000000198e-01
4.212650000000000006e-01
4.212400000000000033e-01
4.211579999999999768e-01
4.210820000000000118e-01
4.210079999999999933e-01
4.209479999999999889e-01
4.208990000000000231e-01
